1015.0314100103813 7.363747113029181E-23
1160.9000139515688 6.583798023262545E-23
1388.5086707523656 5.670830643210891E-23
1685.7060963871781 5.070190896828613E-23
2129.5789066975512 4.3671136026765504E-23
2670.335778741451 3.978101418251911E-23
3331.7943373989865 3.761531194143367E-23
4157.10024001396 3.623741522134576E-23
5186.839479118379 3.623741522134576E-23
6423.553978896799 3.832378503474023E-23
8034.661831490333 4.207140676790756E-23
10150.314100103811 4.533169362245003E-23
12446.074532728804 5.070190896828613E-23
16039.232591373157 5.565996767230966E-23
18994.055846358362 6.342625127605124E-23
23406.1753117372 6.962860309281438E-23
29495.95207834034 7.93439425219491E-23
36893.90657039524 8.54926319208786E-23
46032.75362385502 9.211780862460759E-23
57865.40625012252 9.925639759989143E-23
71306.93171226727 1.0694818528147137E-22
88749.13867910816 1.152360413190387E-22
100999.60014571165 1.196177932293088E-22
