63.02724179320134 2.557330658805631E-23
85.4286952772232 1.3525319749835405E-23
110.86930389059002 8.358553903745912E-24
145.45740958340613 5.7035800462591375E-24
197.15660031398448 4.23690942896069E-24
271.6203247675567 3.2839266083897907E-24
368.1609617600467 2.8504802271185627E-24
532.6170861675645 2.5095171265668198E-24
770.5351461530549 2.4051797625325098E-24
1176.941067086464 2.371373705661655E-24
1730.6432273998316 2.4051797625325098E-24
2476.668750945541 2.5095171265668198E-24
3641.839103250373 2.7709133868033512E-24
5099.729840099484 3.059537197767613E-24
6837.631007024489 3.3782246349181704E-24
9626.991005141292 4.003676845534289E-24
14233.178200577306 4.9507629385242E-24
20148.618923902686 6.297676208532188E-24
29307.659153540782 8.358553903745912E-24
56540.34974018998 1.431323180883208E-23
77894.97351061979 1.8466876407897635E-23
100544.5397793794 2.4859466449027773E-23
