50.44427216406982 5.86689817954821E-23
74.2162527938257 3.489436860597867E-23
114.31662990402519 2.075401554870148E-23
198.23856249674958 1.3127167336460527E-23
281.7947398563861 1.1064785339140292E-23
440.74190832792175 9.783602792966184E-24
699.9659097085745 9.519679513065286E-24
1177.2629181605644 1.0123820074317565E-23
1995.2190285228023 1.1449554760638609E-23
3420.4913637541226 1.358365450969951E-23
5665.575064373064 1.644947414398594E-23
9348.44180361318 2.0332686959922027E-23
16843.046403705295 2.565339764781372E-23
27057.894144558093 3.214592230732401E-23
48378.775503448036 4.2837979495275706E-23
79827.05412695785 6.154494657824008E-23
