404.11580795812176 3.8698962025366335E-22
460.2061970656049 2.611298336176659E-22
520.0902307648279 1.8088526441735535E-22
587.766635611931 1.2205634603385458E-22
674.4844517132408 8.454872474845549E-23
779.9366795394565 6.172097839249627E-23
888.1901825528797 4.625386875842026E-23
1003.7653555133023 3.652938570866E-23
1215.1837190330714 2.81026421086772E-23
1471.1321355058208 2.219430029479266E-23
1753.9638706941387 2.051506479278278E-23
2059.438488434677 1.8962881364222377E-23
2650.4626089929084 1.8962881364222377E-23
3258.158451340254 1.8962881364222377E-23
3854.9679567705093 1.9984043726513144E-23
4923.492036374722 2.1619813149531708E-23
6192.769676941814 2.338947647520065E-23
7849.048373671588 2.6666628417202154E-23
9797.342806517921 2.9615985985650304E-23
12417.677652074102 3.466277481079672E-23
17119.723466297517 4.3890347614609993E-23
19645.530378950913 4.874466691188814E-23
