267.13090651145643 5.0556102409164505E-28
290.35615352660545 4.050859401456985E-28
308.1719478834449 3.7952927690486525E-28
345.0889352164153 4.861748096453904E-28
379.58613857813145 5.574763078954387E-28
412.58861645362055 4.79879364966866E-28
437.9044014143729 3.998405097456806E-28
464.7735229011966 3.37521845328459E-28
496.2375856362001 3.37521845328459E-28
517.3603043793831 3.895525375877442E-28
545.8445337601181 4.3236353264219265E-28
569.0788088288587 4.4960402309182205E-28
622.2508768079265 3.998405097456806E-28
664.3757820791704 3.6976391662057668E-28
735.1556686480031 3.7461477800604494E-28
780.2636577635068 4.157841450645966E-28
833.0856527094902 4.555022914093476E-28
900.1405880578221 4.3236353264219265E-28
984.2455236069553 3.9466300206861086E-28
1050.8766060061962 4.212387369361269E-28
1286.7161697144522 5.911505707214926E-28
1432.3016187711264 7.002982141902972E-28
1529.2650337848559 7.002982141902972E-28
1672.1524213889738 6.227871205650948E-28
1889.2659762803842 6.067626898220208E-28
2084.3253821631038 7.823412442385842E-28
2252.0924098285896 1.2345521324392036E-27
2404.5537127564153 1.789905855025551E-27
2484.6122418529962 2.384286778806731E-27
2644.927627878055 2.629125520111572E-27
2857.8174436029503 2.7339618673015456E-27
2988.347062837285 2.6810313158063596E-27
3152.876042905078 2.6810313158063596E-27
3468.05684103229 3.2599245395233954E-27
3826.120298201571 3.71373850668344E-27
4134.084129287153 3.5713316998746385E-27
4898.760494843895 3.502189346900571E-27
5436.818407485388 3.4343856164282886E-27
5909.513432330607 3.4343856164282886E-27
6442.459901468438 4.4281917155119244E-27
6736.716569175999 5.6356419889622825E-27
7322.4290516193205 7.806436478716143E-27
7864.835713181519 9.187715679402857E-27
8702.7232380991 9.369105152559942E-27
9601.245757266828 6.942396821724331E-27
10655.803590079922 5.562666442583437E-27
11142.502972632306 6.133888101910183E-27
12740.087588364571 9.870510677360758E-27
12740.087588364571 9.870510677360758E-27
13930.461914025876 1.3583724597991362E-26
15975.272534639162 1.8816043216776468E-26
17158.63589425323 2.0083074008018063E-26
19214.128447387197 1.8451757395407553E-26
20946.944868037437 1.918752099047852E-26
22836.034457980626 2.606380008528365E-26
25044.18461465271 3.878637975417587E-26
26423.038564557082 5.550596054612539E-26
28891.883970450006 5.809663030920632E-26
30391.95382313195 5.234412260429347E-26
34338.06845373166 4.655051909981851E-26
38566.20421163472 5.550596054612539E-26
41422.98383054175 8.368382246230766E-26
46801.37587101608 1.1667589261162464E-25
51787.40360527373 1.45615480345538E-25
57475.500076678036 1.6161831181861063E-25
60820.74340017212 2.0170514732155716E-25
