0.14718282471861235 2.7419937797821653E-19
0.15437355738237996 1.0175432321993603E-19
0.16867280696755524 3.978303255777203E-20
0.18555669534324182 1.696708559475573E-20
0.21120547455287567 8.173098010646825E-21
0.23876700726920708 3.802422953741768E-21
0.2773837713060056 1.963592476879296E-21
0.328901589168859 1.206621326408657E-21
0.42034342785409035 6.797141077638866E-22
0.5445795704673808 4.556278601504958E-22
0.6959846073350644 3.3900919699973404E-22
0.9016888891290175 2.799818696786157E-22
1.1523781307114591 2.394165005148065E-22
1.5342272039102758 2.1947736024519827E-22
2.001272186144939 2.1947736024519827E-22
2.6283429801140046 2.2332770253848243E-22
3.4518976823546605 2.4361663977569603E-22
4.627132996610787 2.8489365662999875E-22
6.37387641318911 3.3900919699973404E-22
8.602349901496858 4.250096505509714E-22
11.689339320594016 5.516858472930091E-22
15.669099334950474 7.0377206481691E-22
20.300237424908786 9.295611094622249E-22
27.397730061281898 1.2712460229305711E-21
36.72557893208363 1.70855277756119E-21
47.25702058673802 2.3775679103282005E-21
63.779307918203195 3.366590800381578E-21
79.3195979516419 4.604070805302605E-21
100.0 6.296419504810981E-21
