6.035745190745844 5.05182474513909E-27
10.173609950644165 5.1326875499781155E-27
16.28523462538712 6.617434558908585E-27
29.575373134104673 9.236708571873847E-27
49.85106244585521 1.2689610031679286E-26
108.77894701213451 2.247626469220171E-26
184.40841322693117 3.3965223973304736E-26
344.64772436185035 6.01603486985081E-26
636.7760358123603 1.0999661242110932E-25
1210.7555776371782 2.2836034457980627E-25
2005.975301100415 4.175318936560392E-25
3304.4789525524816 7.756310250274167E-25
5634.178016827838 1.6622244079925E-24
8614.219757150386 2.9913144504087033E-24
9999.999999999989 3.795861385781318E-24
