103.00161558738526 5.084761966519034E-22
115.44770956124357 3.2475149207063E-22
140.213228981772 1.8790026506185756E-22
172.46352073534192 1.1641437226092516E-22
226.01040855894482 6.68470903124267E-23
288.7689267281016 4.571576658153387E-23
368.954215761048 3.297249531200038E-23
465.4680844517944 2.451539775256642E-23
599.765736057034 1.907778951028888E-23
866.1930182941503 1.495951424850728E-23
1310.4823999608275 1.2948254326498484E-23
1845.2492856515973 1.2656401135534662E-23
2721.8387037271455 1.2850229707873113E-23
3800.28803011647 1.3864818585597178E-23
5328.506557634079 1.5897181476553887E-23
7793.689853960265 1.836649997852849E-23
11255.794274997343 2.254941676966177E-23
14626.405672325489 2.706096218036259E-23
18687.86262905979 3.1985304904635736E-23
19910.51845176326 3.322401737437296E-23
