106.12225056434755 8.721938635808546E-22
133.59999799224505 2.45926085891484E-22
182.51153704436175 7.151647994711385E-23
247.48471820816025 2.920903717032244E-23
375.14015056823905 1.4357807377771107E-23
577.1521563183787 9.912166360042241E-24
956.4123188056761 7.985439994341754E-24
1549.9674598315266 8.760496806274343E-24
2957.7927626011015 1.1929667861843859E-23
5398.31303361016 2.0164975614392276E-23
9564.123188056761 3.625659147824598E-23
18116.091942004132 7.845777998665163E-23
19658.409933552393 8.607279392086889E-23
