103.00721540869208 1.5283067326587624E-23
118.95087664698397 9.341029353968558E-24
141.49311055085997 5.9296125358994616E-24
169.02119833787094 4.216965034285822E-24
208.85887826606435 3.2843343947317997E-24
256.9960631738552 2.8657403727762522E-24
325.737416123059 2.6366508987303445E-24
439.92875835166285 2.6366508987303445E-24
625.1091880605744 2.717756394910938E-24
840.6831695471622 2.8875287417994387E-24
1097.5926154761305 3.1622776601683795E-24
1445.1950673388853 3.463168991269731E-24
2019.0499294522908 4.060248658913457E-24
2580.861540418074 4.832930238571733E-24
3285.0661383306287 5.752656217156791E-24
3957.5505477428096 6.693571313531873E-24
4973.832737043119 8.08899816399589E-24
6017.439945895528 9.555714328759768E-24
7310.8957016137165 1.1118664647564153E-23
8586.645421069174 1.2937254012807968E-23
10170.749105814353 1.4604062544007359E-23
12047.095495477352 1.5872959009880634E-23
13911.768846010767 1.69927300390474E-23
16065.060038537287 1.8191496242143657E-23
19109.529749704405 1.875108125572924E-23
