243.98472487497946 9.38979801047696E-22
264.060412090375 5.573060401273886E-22
289.4266124716752 2.838735964758755E-22
322.2862359345744 1.5678788438269704E-22
356.6135183502248 9.222395651044235E-23
433.87301260918736 4.255065502465411E-23
511.4358987471129 2.813317514858776E-23
602.8645961505653 2.1096905134061715E-23
706.1567241539897 1.7154378963428788E-23
840.3313180847117 1.5124725453106235E-23
1003.1678988306335 1.4074646633398433E-23
1224.368331341801 1.4201811696858715E-23
1581.8883373423307 1.539926526059492E-23
1986.4467294786568 1.7623564405717435E-23
2447.5764379960333 2.053525026457146E-23
3112.6613146280356 2.6179946215854002E-23
3775.0532053243955 3.337624694292039E-23
4710.607541983278 4.37144481261109E-23
5952.8545972319425 6.097562352214592E-23
7083.93757214681 8.058421877614819E-23
8564.308594870225 1.1240386637720558E-22
10095.338350326165 1.4590242156305607E-22
12128.056424203403 1.9456400615886357E-22
13894.95494373136 2.3713737056616554E-22
15326.378985482443 2.89026391002245E-22
