439.3970560760791 9.521895354084085E-22
501.8217152607325 5.730869286627712E-22
584.0950375205811 3.449193837897622E-22
658.6903768912886 2.4807565074902146E-22
752.2697983212989 1.8163001587011666E-22
875.6039101412363 1.4028199523474855E-22
1065.3014728742476 1.027082704160941E-22
1329.3103115817153 8.293962911449643E-23
1664.0020084710573 6.940530225867313E-23
2050.2800544672746 6.236931675551E-23
2510.2979690714715 6.072472694052581E-23
3083.2659655507964 5.965249688026395E-23
3657.5208723244496 6.072472694052581E-23
4549.535235908416 6.638199345182785E-23
5840.950375205811 7.387065563212773E-23
7174.129812567476 8.368171283098041E-23
8783.7773474427 9.395517295028239E-23
10127.319360881002 1.0455441099255211E-22
11937.766417144381 1.1950042203603066E-22
13807.335892609293 1.3417128354799172E-22
15133.697713418567 1.5064326152327574E-22
