154.33397376154494 1.9244814331018159E-22
189.20084727722997 1.127944112474295E-22
272.0291124920536 5.773483227633685E-23
357.969606104217 3.7036287863536184E-23
569.0208828478214 2.090554230310494E-23
962.3506263980887 1.445874901335005E-23
1925.8186341850762 1.2345346047467761E-23
3622.2161198834156 1.351197877148378E-23
7184.726762278733 1.7320566468673352E-23
12589.254117941662 2.3758389253568592E-23
21041.510980665113 3.383855153428219E-23
58434.14133735175 7.400840520194125E-23
99705.23207920474 1.145047569938281E-22
