101.39134539254562 8.858667904100796E-22
122.44848505935099 5.72657215009194E-22
146.0301209236205 3.3598182862837606E-22
183.14095791815086 2.0195897501643734E-22
238.51682746885677 1.2139771890700653E-22
299.131439363063 8.040131611167858E-23
404.5629519402503 5.324953129837531E-23
547.1547304793918 3.526699214174659E-23
758.859213141474 2.511886431509572E-23
1026.3258319796637 2.0195897501643735E-23
1554.4645670714726 1.74624535200161E-23
2238.8365379913375 1.7044291274531877E-23
3144.393869704787 1.74624535200161E-23
5008.255955460633 1.9240241827602372E-23
7585.462806262581 2.1719114020174127E-23
11345.252037361523 2.6366508987303446E-23
15934.142734932151 3.2793628590208633E-23
22379.13303830299 4.60423937675877E-23
31430.972087887218 6.464371632490065E-23
43047.24516981925 9.076005216818104E-23
61999.31950049474 1.3703834506631624E-22
100000.0 2.1719114020174125E-22
