101.39134539254562 3.792690190732238E-22
127.15806850227251 2.279789435643567E-22
146.0301209236205 1.5098971606184201E-22
187.80730708134809 9.298674652605216E-23
235.53503828772753 5.867067065993079E-23
322.5841857803044 3.613222756796247E-23
476.44375187521405 2.0691380811147818E-23
644.3705519638725 1.50989716061842E-23
928.0625408273023 1.1565326417902442E-23
1370.710711862805 9.52680702901976E-24
2444.9326501742075 8.858667904100796E-24
4043.961213873346 9.52680702901976E-24
6946.0446229571535 1.075422076112558E-23
11345.252037361523 1.4040042455483088E-23
17400.960348862456 1.8779508018514914E-23
27026.872233252143 2.905078650510858E-23
43047.24516981925 4.60423937675877E-23
70310.7844069352 7.476256801637649E-23
100000.0 1.0496696290308765E-22
