100.57086556000587 2.9783285370673337E-22
136.76354004949076 1.134473930571499E-22
159.03155765932465 7.169344541768582E-23
192.44277330553393 4.3830943761259436E-23
232.2115445465924 2.9877376903340646E-23
313.9856247368961 1.646032311628598E-23
388.7020319094612 1.0550855404446919E-23
503.6181341777067 8.249703807262399E-24
727.038615560067 6.542646028614452E-24
1008.575192578323 5.812775655381869E-24
1325.4803701099054 5.544158228912705E-24
1865.1105279498447 5.3889834434253335E-24
2762.393463534611 5.703801243761718E-24
3821.204207027783 6.094407739590581E-24
5346.37395580465 6.957700871321624E-24
6887.659886326267 7.868472131171829E-24
10000.0 9.735452998140018E-24
