180.31781963765172 1.0192118462630194E22
208.372585114296 1.965117077171397E22
243.48568313480882 3.477941830600922E22
275.17788385939514 5.982180380106293E22
325.1451607887666 1.0000000000000001E23
388.48296585826904 1.7200346272245407E23
469.3508238746452 2.794351222347202E23
573.3952702606362 4.8063808630644085E23
716.262911569279 7.808398753833302E23
956.4809583497401 1.3430716239770228E24
1194.7985475651928 2.0028706043468312E24
1560.4027785633068 3.0732883225297404E24
2060.6757570236223 4.20694604516894E24
2691.235425026544 6.097109109886496E24
3554.059037181061 8.587846980686363E24
4693.508238746452 1.2446330306608764E25
6775.133769095873 1.9098169151133477E25
9779.984449628435 3.102669647888215E25
13353.769166326945 4.37014520938761E25
19276.321212478986 6.899902838129171E25
28769.82353461296 1.0289557400086088E26
39722.2478071556 1.4912612020020701E26
54844.16576121015 2.0413494464822632E26
80053.74297607697 2.6392929841415474E26
114280.20598100332 3.3163560958187846E26
157785.6970853078 3.612860889191422E26
201533.7685941731 4.049841407773878E26
