217.85335431435104 1.0192118462630194E22
243.48568313480882 1.803841387132263E22
284.5157286842968 3.1026696478882148E22
328.7821359572683 5.491227306649254E22
371.57655948666655 8.920993504230512E22
439.04807495852873 1.5788726707083752E23
518.7711851121402 2.492838910309798E23
606.1898993497572 3.9358752279665545E23
700.5040136993136 6.57933224657571E23
884.830131404093 1.1644362111352916E24
1105.2951411260221 1.7364785438723514E24
1365.4182412155355 2.516671009157519E24
1783.231509475446 3.5447595143621507E24
2517.480895982576 5.596723921459847E24
3757.3290220070817 8.83651444509276E24
4961.947603002908 1.1103363181676413E25
7162.62911569279 1.4355713861864143E25
9889.380389907366 1.803841387132263E25
13961.353908567931 2.1408119109241304E25
19930.440990393443 2.399746070781147E25
