10.444025524245694 4.0019598504305746E-27
13.359375700667908 5.198871592860465E-27
19.467410023284916 6.409411892035991E-27
27.96023907265014 8.111308307896822E-27
40.15813958121152 1.0537249727360746E-26
62.008729076258064 1.4051648347492698E-26
92.34402602180765 1.8254234964097573E-26
130.72305875696057 2.466297453715198E-26
181.07630975998174 3.246113018266731E-26
283.68096047762714 4.743909153482706E-26
401.58139581211543 6.753757371189898E-26
589.4408786636712 9.741736169915871E-26
834.4179687065929 1.333521432163324E-25
1198.4401552977963 1.8016972604371424E-25
1612.6761746240677 2.340551393891021E-25
2333.0525891551456 3.1622776601683796E-25
3399.7465432983513 4.682249430010602E-25
4608.101246444784 6.493816315762114E-25
6476.207491984759 1.0E-24
8778.01313597249 1.500155793792665E-24
11558.276558669088 2.340551393891021E-24
15329.733015514048 3.5111917342151414E-24
20331.812717414403 5.336699231206302E-24
27162.032476755725 7.498942093324558E-24
37353.133845202785 1.1103363181676412E-23
54038.63900384342 1.5602055490341336E-23
74313.75090396966 2.080567538217163E-23
100726.71118486911 2.811018063413649E-23
