1005.1994730485634 1.2644067115990925E-22
1180.5165285688056 8.626786630477784E-23
1452.6539259467813 6.20087290762581E-23
1815.5533242385443 4.230727898394698E-23
2176.896784350983 3.1485689446397095E-23
2734.8715720526675 2.1858615034246652E-23
3435.864561604263 1.598724332336844E-23
4429.925233086074 1.1897937907435785E-23
5922.738014136167 9.82772125861268E-24
8042.765483057628 8.117718035545068E-24
10978.437670592484 7.187928916334321E-24
14985.653124037577 6.589734610461422E-24
20561.891495631797 6.589734610461422E-24
27777.53437391601 6.705251845321114E-24
38311.86849557285 7.064096181645562E-24
52295.999579821335 7.977867010934983E-24
68483.44288092277 9.328489365112675E-24
85149.12317807299 1.090776691510952E-23
100519.94730485634 1.2106507291310117E-23
