19.872184654880556 1.1266264298977692E28
29.168378082484196 1.5872569932308134E28
48.819855679456445 2.4821156135257276E28
62.84136559286962 2.9681914475324793E28
88.58667904100822 3.549456125732411E28
145.3050478317832 4.438632522189583E28
231.2251595122405 5.151979307322921E28
367.9505646173874 5.468447886019586E28
585.5228656252142 5.387553374677193E28
885.8667904100823 5.151979307322921E28
1497.7474763452 4.505278916933189E28
2132.7864278928114 4.119900537069748E28
3498.320935775036 3.245838153049347E28
5510.970295754841 2.634583539640411E28
10101.502250089155 1.9265915183584987E28
