10.0 2.225371887378503E-27
12.031541825367166 2.08056753821718E-27
15.301674376267872 1.9451855690432014E-27
21.946509726749827 2.1760172691812414E-27
33.27272368549952 2.4894527978983415E-27
63.564238924270896 3.5640849914153315E-27
105.70520810009826 4.8787850945721375E-27
231.9860377736921 1.0E-26
338.9381712882037 1.497354648966171E-26
553.3142912987591 2.743542475400618E-26
946.0271806598614 5.498696382967053E-26
1516.0826983319594 1.1020664773064932E-25
2095.4878186343612 1.8050677478253285E-25
3005.4648049020598 3.023566191205495E-25
