20.0738918005463 6.687175459319824E27
27.17756394910949 9.281914004985998E27
36.05932093335414 1.1781413826272086E28
55.10970295754843 1.684756795677621E28
93.1747520285668 2.2697971951967347E28
145.3050478317832 2.714294445312438E28
204.834689919168 3.150517360092928E28
339.39211978786307 3.4452189590853383E28
556.6907884274202 3.4452189590853383E28
970.1571868867773 3.245838153049347E28
1690.71410347358 2.8384054605819258E28
2887.5287417994446 2.2362201841729674E28
4931.538819950569 1.7617922391811167E28
10204.034770855627 1.2505106035854041E28
