9.907952953719418 2.8909392200917792E-28
12.14331747593791 2.7641298538705773E-28
15.732116311364619 2.7641298538705773E-28
22.56387341408937 3.3823673953184597E-28
35.17100181232795 4.2327573900001465E-28
75.07615253815842 6.481690828494532E-28
115.94633572928544 9.490142360424714E-28
207.61994722121383 1.662567247924299E-27
375.2296849840637 3.4077484777388086E-27
690.8081135489438 7.64041384905858E-27
1181.1067639400605 1.675043053009029E-26
2019.3931722345405 3.840745977815442E-26
2977.8003891029116 7.037243805023783E-26
