50.26409431744548 6.320650109213037E-25
64.29483714700699 2.8319641848444076E-25
79.3178747531347 1.550894521073584E-25
106.73377913009865 8.273837036733395E-26
140.53960938860112 5.348231865300841E-26
193.2695885161522 3.5488144753416616E-26
281.6342925730719 2.5250840712237148E-26
413.38260837601445 1.9605040135382673E-26
585.1882501969508 1.646527700675845E-26
852.7419141916287 1.4445082311937605E-26
1215.9218433235353 1.3237948092106699E-26
1797.6990177674213 1.3008906863873723E-26
2581.961044500769 1.335397652755273E-26
3929.5210776821555 1.4445082311937605E-26
5894.408786636713 1.6322215475510454E-26
8283.979084506618 1.8932501368469469E-26
11897.937907435859 2.2152707931009778E-26
18639.75722588148 2.755339951448934E-26
31852.5828562144 3.739580652312275E-26
55225.335734172506 5.442395472444883E-26
80474.88733750903 7.195616472817186E-26
98562.2687739571 8.567748340370958E-26
