49.20878816959961 2.5491341672382066E-22
68.66980069016988 1.6521007550358995E-22
91.47343340491003 1.106495804850145E-22
114.96926894363651 8.232374412912263E-23
179.51753154031198 5.23127205033732E-23
294.78726383758493 3.5499996521657833E-23
458.512296479867 2.934038129338305E-23
691.402017916916 2.747431926403516E-23
1087.9812092540321 2.747431926403516E-23
1915.6410185845439 2.934038129338305E-23
3359.882068659447 3.4807005884283917E-23
6392.537817191638 4.352097638717919E-23
11654.978628998726 5.586581240876693E-23
20600.940207050953 7.266099988280484E-23
35029.53177246181 1.0026319793878533E-22
59103.87688387646 1.4018111102308686E-22
79651.44214902633 1.764311815044419E-22
