51.51843298549037 1.8290724981767724E-25
78.57043246167373 6.091662195314638E-26
125.74878965366484 2.6826957952797163E-26
197.6482254377983 1.5763464150128796E-26
316.3279664792671 1.1814274165673343E-26
506.27007733190715 1.0320449904927852E-26
740.200047147415 1.0136098948795593E-26
1135.7013148773096 1.0227859083524606E-26
1690.7778188070722 1.1192411758236553E-26
2657.5145289048064 1.2697499359941283E-26
4052.9584016664267 1.4933730081960133E-26
6447.603092774218 1.837332964202303E-26
11997.921062199048 2.45150331767351E-26
20395.57175002702 3.3304651408770477E-26
36384.29295860719 4.7331118877819874E-26
56843.98606046727 6.547069734569433E-26
81619.8531261037 8.426282356670605E-26
